0.000000,0.000000,0.000000,0.000000
0.017991,24.232068,66.577060,9758.972792
0.009232,12.425848,34.112279,5010.414285
0.010036,10.606650,20.626191,5436.711954
0.008505,9.374258,19.658283,4611.155211
0.008339,8.157192,16.904351,4500.212916
0.007822,7.957047,13.860910,4139.079565
0.007290,7.402672,12.515896,3979.573668
0.007324,6.983117,12.005155,3870.496101
0.006664,6.729224,11.084758,3630.971863
0.006788,6.761687,9.966266,3548.200715
0.006407,6.588473,9.361601,3407.972765
0.006445,6.196089,9.112201,3401.061353
0.006325,6.006785,8.662425,3171.688305
0.006059,5.978778,8.088877,3146.061977
0.006035,5.908357,7.634211,3054.193919
0.006039,5.699939,7.492517,3021.785067
0.005888,5.617034,7.241299,2894.933212
0.005679,5.455163,6.908253,2847.838308
0.005774,5.347058,6.523360,2797.831245
0.005793,5.248707,6.424123,2711.255782
0.005710,5.227307,6.273898,2642.837448
0.005522,5.122686,6.070748,2588.972302
0.005506,4.940634,5.826468,2557.062274
0.005505,4.888325,5.647333,2464.228868
0.005452,4.869256,5.558989,2437.579375
0.005364,4.792913,5.433551,2409.605371
0.005367,4.662009,5.270683,2353.366090
0.005299,4.603630,5.126281,2320.327000
0.005175,4.552581,5.001247,2313.116048
0.005172,4.489012,4.925525,2281.033545
0.005180,4.396397,4.818946,2225.681186
0.005135,4.382943,4.713356,2215.951885
0.005036,4.329713,4.597130,2195.939933
0.004974,4.238365,4.506384,2157.314280
0.004979,4.183976,4.438780,2128.414235
0.004945,4.171435,4.361522,2115.283930
0.004871,4.128686,4.284808,2085.981601
0.004849,4.056684,4.187939,2051.371980
0.004835,3.990268,4.113179,2043.638897
0.004779,3.976502,4.059343,2020.820302
0.004693,3.939368,4.010255,1984.940375
0.004712,3.879540,3.942366,1980.057369
0.004707,3.840848,3.870258,1963.165439
0.004667,3.828586,3.793427,1933.509500
0.004593,3.791928,3.761368,1921.920340
0.004570,3.731063,3.710158,1912.251233
0.004569,3.702141,3.663506,1892.306811
0.004540,3.693840,3.600716,1866.667775
0.004483,3.665276,3.526779,1868.627837
0.004478,3.616340,3.494580,1857.107255
0.004473,3.574560,3.457880,1832.326403
0.004437,3.568506,3.408522,1823.224387
0.004370,3.541913,3.362706,1820.032606
0.004377,3.501284,3.301383,1803.974494
0.004380,3.475283,3.251440,1775.799126
0.004355,3.473901,3.224967,1779.916364
0.004303,3.452863,3.182666,1772.382545
0.004276,3.411804,3.141528,1752.996895
0.004279,3.375990,3.093622,1736.363317
0.004262,3.377572,3.031993,1736.768508
0.004221,3.361571,3.009648,1734.116751
0.004203,3.327514,2.976099,1725.186147
0.004205,3.285159,2.938033,1705.373197
0.004181,3.284423,2.899816,1700.567873
0.004132,3.269640,2.849297,1702.944325
0.004121,3.247526,2.811768,1694.973772
0.004128,3.248570,2.784489,1684.991831
0.004111,3.247959,2.752743,1669.717894
0.004070,3.231669,2.721474,1669.691719
0.004034,3.212265,2.679226,1665.232855
0.004044,3.224396,2.633374,1661.386927
0.004033,3.236113,2.608469,1647.952639
0.003999,3.234348,2.585421,1635.174664
0.003952,3.227681,2.559147,1637.526190
0.003957,3.208926,2.523058,1634.930091
0.003950,3.210578,2.487358,1625.559927
0.003923,3.217654,2.448819,1618.506818
0.003908,3.223118,2.435156,1606.989643
0.003891,3.209032,2.412518,1605.602189
0.003889,3.200471,2.382906,1601.704067
0.003909,3.182237,2.356131,1596.799503
0.003906,3.198838,2.321337,1583.524865
0.003905,3.195629,2.300590,1573.713693
0.003884,3.190077,2.280662,1573.111396
0.003876,3.174966,2.261847,1570.110817
0.003891,3.156283,2.238414,1559.349173
0.003882,3.164058,2.207606,1552.805779
0.003882,3.157829,2.180150,1540.252195
0.003858,3.154939,2.167114,1538.785580
0.003847,3.133837,2.153468,1530.235022
0.003856,3.115182,2.132763,1525.713215
0.003847,3.115243,2.107688,1515.845164
0.003843,3.114931,2.083688,1503.423159
0.003815,3.105488,2.067967,1496.700591
0.003803,3.080139,2.056143,1493.485381
0.003806,3.063172,2.037730,1485.796317
0.003797,3.058436,2.020619,1471.497862
0.003788,3.059149,1.999511,1462.670598
0.003757,3.043979,1.978649,1457.237025
0.003744,3.024790,1.968396,1451.208798
0.003742,3.002899,1.954248,1439.170972
0.003733,2.998211,1.941682,1431.194350
0.003719,2.992715,1.923102,1419.088824
0.003687,2.972709,1.898752,1413.175144
0.003674,2.959041,1.888929,1402.883763
0.003668,2.932846,1.880413,1395.857408
0.003658,2.928594,1.869774,1385.586308
0.003641,2.917790,1.853423,1372.693661
0.003607,2.901717,1.831577,1363.670630
0.003595,2.884889,1.816616,1357.781874
0.003585,2.855073,1.812884,1348.849305
0.003574,2.851570,1.803953,1334.948979
0.003554,2.836336,1.789580,1324.786702
0.003521,2.825157,1.769987,1317.895954
0.003508,2.804189,1.754241,1309.869431
0.003496,2.776657,1.750836,1297.359495
0.003483,2.768913,1.743424,1288.626838
0.003462,2.756289,1.730813,1276.942212
0.003430,2.742974,1.713173,1269.454197
0.003416,2.718594,1.690704,1257.935487
0.003403,2.693873,1.679215,1242.407611
0.003388,2.682171,1.663740,1225.841011
0.003364,2.660469,1.643500,1211.345689
0.003328,2.629143,1.618685,1193.450676
0.003321,2.598375,1.589516,1172.257000
0.003306,2.581479,1.566904,1153.074266
0.003279,2.556039,1.543184,1134.089082
0.003241,2.522440,1.515186,1112.452324
0.003230,2.487402,1.483140,1088.294305
0.003215,2.469626,1.447305,1068.127478
0.003189,2.444668,1.410393,1047.132302
0.003182,2.412873,1.378486,1024.220506
0.003169,2.374639,1.342951,999.524506
0.003149,2.359238,1.304071,979.128799
0.003152,2.338138,1.262156,958.243775
0.003158,2.311311,1.279039,936.112333
0.003155,2.279077,1.411516,912.856473
0.003144,2.259167,1.555078,892.136552
0.003124,2.244375,1.707766,873.064985
0.003131,2.234122,1.869658,853.345657
0.003136,2.219959,2.040782,833.081186
0.003135,2.227402,2.221122,812.370297
0.003125,2.229978,2.410607,795.418375
0.003107,2.227748,2.611767,779.399839
0.003118,2.219894,2.822121,763.331458
0.003123,2.209348,3.041336,747.272344
0.003120,2.218257,3.269120,731.268396
0.003113,2.221331,3.505119,716.538649
0.003097,2.218498,3.748914,705.568365
0.003111,2.210180,4.000023,694.945663
0.003116,2.203041,4.257900,698.005413
0.003114,2.212957,4.521937,699.943901
0.003105,2.217270,4.791463,700.037516
0.003093,2.215682,5.065751,698.154799
0.003106,2.208170,5.344016,698.700950
0.003113,2.204711,5.625418,702.650682
0.003112,2.212574,5.909071,704.985416
0.003101,2.215902,6.194040,705.872427
0.003095,2.215332,6.479350,704.662622
0.003106,2.208853,6.763984,706.019671
0.003113,2.208197,7.046892,710.367517
0.003112,2.216431,7.326990,712.555150
0.003103,2.218569,7.603164,712.764568
0.003100,2.216643,7.874272,712.001334
0.003110,2.211010,8.139149,714.065989
0.003114,2.212787,8.396605,718.605218
0.003114,2.221223,8.645427,720.907462
0.003106,2.223601,8.884384,720.903924
0.003105,2.219928,9.112230,719.832885
0.003115,2.213951,9.327701,722.546301
0.003117,2.217855,9.529526,727.071517
0.003116,2.226358,9.716424,729.356052
0.003109,2.228856,9.887115,729.297437
0.003110,2.225368,10.040320,727.862708
0.003120,2.217084,10.174771,731.470381
0.003123,2.223478,10.289221,735.518077
0.003119,2.231328,10.382444,737.692153
0.003112,2.233856,10.453252,737.504632
0.003114,2.230479,10.500498,735.834983
0.003125,2.221321,10.523092,740.042166
0.003128,2.230464,10.520004,743.733982
0.003122,2.235714,10.490278,745.736406
0.003109,2.238204,10.433038,745.374937
0.003118,2.234882,10.347500,743.997260
0.003121,2.227812,10.232979,748.145972
0.003116,2.236494,10.088894,751.541514
0.003103,2.239332,9.914776,753.335397
0.003095,2.236378,9.710275,752.776720
0.003099,2.227720,9.475158,751.894099
0.003094,2.224208,9.209320,755.683152
0.003081,2.227292,8.912778,758.793471
0.003061,2.224706,8.585674,760.359929
0.003062,2.216545,8.228274,759.596545
0.003058,2.202934,7.840968,759.140513
0.003046,2.202930,7.424262,762.570434
0.003027,2.200883,6.978777,763.732333
0.003012,2.193458,6.505245,762.627502
0.003009,2.180780,6.004499,759.272648
0.002998,2.167600,5.477471,760.803009
0.002981,2.166359,4.925183,761.663483
0.002956,2.159979,4.348741,760.356632
0.002950,2.148579,3.749326,756.904593
0.002941,2.132293,3.128187,754.074684
0.002926,2.122766,2.486634,754.791728
0.002903,2.117748,1.826030,753.462392
0.002882,2.107957,1.147783,750.110302
0.002876,2.093517,0.453340,744.769497
0.002862,2.074568,0.078998,737.483751
0.002843,2.068345,0.079023,728.305883
0.002818,2.060444,0.079016,717.297071
0.002786,2.048131,0.078978,704.526144
0.002749,2.031529,0.078910,690.068891
0.002706,2.010773,0.078811,674.007357
0.002658,1.986009,0.078683,656.429154
0.002605,1.957395,0.078527,637.426769
0.002547,1.925101,0.078343,617.096879
0.002484,1.889301,0.078131,595.539683
0.002417,1.850182,0.077893,572.858231
0.002346,1.807934,0.077629,549.157773
0.002271,1.762755,0.077550,524.545118
0.002193,1.714847,0.077562,499.128004
0.002111,1.664415,0.077544,473.014493
0.002027,1.611670,0.077498,446.312377
0.001940,1.556823,0.077423,419.128608
0.001851,1.500087,0.077320,391.568754
0.001759,1.441674,0.077190,363.736474
0.001667,1.381798,0.077034,335.733032
0.001572,1.320671,0.076851,307.656832
0.001477,1.258502,0.076644,279.602996
0.001381,1.195499,0.076411,251.662970
0.001284,1.131867,0.076155,223.924174
0.001188,1.067805,0.075875,196.469689
0.001091,1.003508,0.075711,169.377983
0.000995,0.939168,0.075679,142.722684
0.000899,0.874967,0.075621,116.572391
0.000804,0.811085,0.075536,90.990528
0.000710,0.747692,0.075427,66.035243
0.000618,0.684952,0.075292,41.759345
0.000527,0.623021,0.075133,18.210278
0.000438,0.562048,0.074951,0.000000
0.000350,0.502171,0.074745,0.000000
0.000265,0.443521,0.074516,0.000000
0.000182,0.386220,0.074265,0.000000
0.000101,0.330381,0.073993,0.000000
0.000023,0.276106,0.073720,0.000000
0.000000,0.223489,0.073641,0.000000
0.000000,0.172614,0.073591,0.000000
0.000000,0.123555,0.073517,0.000000
0.000000,0.076378,0.073420,0.000000
0.000000,0.031138,0.073300,0.000000
0.000000,0.000000,0.073158,0.000000
0.000000,0.000000,0.072994,0.000000
0.000000,0.000000,0.072808,0.000000
0.000000,0.000000,0.073295,0.000000
0.000000,0.000000,0.073192,0.000000
0.000000,0.000000,0.074522,0.000000
0.000000,0.000000,0.075653,0.000000
0.000000,0.000000,0.076379,0.000000
0.000000,0.000000,0.077167,0.000000
0.000000,0.000000,0.077346,0.000000
0.000000,0.000000,0.078040,0.000000
0.000000,0.000000,0.079506,0.000000
0.000000,0.000000,0.080286,0.000000
0.000000,0.000000,0.080444,0.000000
0.000000,0.000000,0.080891,0.000000
0.000000,0.000000,0.080895,0.000000
0.000000,0.000000,0.082703,0.000000
0.000000,0.000000,0.083807,0.000000
0.000000,0.000000,0.084268,0.000000
0.000000,0.000000,0.084148,0.000000
0.000000,0.000000,0.084157,0.000000
0.000000,0.000000,0.085312,0.000000
0.000000,0.000000,0.085818,0.000000
0.000000,0.000000,0.085733,0.000000
0.000000,0.000000,0.085114,0.000000
0.000000,0.000000,0.084921,0.000000
0.000000,0.000000,0.085525,0.000000
0.000000,0.000000,0.085534,0.000000
0.000000,0.000000,0.085003,0.000000
0.000000,0.000000,0.083985,0.000000
0.000000,0.000000,0.083446,0.000000
0.000000,0.000000,0.083610,0.000000
0.000000,0.000000,0.083231,0.000000
0.000000,0.000000,0.082360,0.000000
0.000000,0.000000,0.081047,0.000000
0.000000,0.000000,0.080076,0.000000
0.000000,0.000000,0.079911,0.000000
0.000000,0.000000,0.079252,0.000000
0.000000,0.000000,0.078147,0.000000
0.000000,0.000000,0.076640,0.000000
0.000000,0.000000,0.074772,0.000000
0.000000,0.000000,0.072583,0.000000
0.000000,0.000000,0.070110,0.000000
0.000000,0.000000,0.067390,0.000000
0.000000,0.000000,0.064751,0.000000
0.000000,0.000000,0.064554,0.000000
0.000000,0.000000,0.064432,0.000000
0.000000,0.000000,0.064294,0.000000
0.000000,0.000000,0.064142,0.000000
0.000000,0.000000,0.063975,0.000000
0.000000,0.000000,0.063794,0.000000
0.000000,0.000000,0.063599,0.000000
0.000000,0.000000,0.063391,0.000000
0.000000,0.000000,0.063171,0.000000
0.000000,0.000000,0.062937,0.000000
0.000000,0.000000,0.062691,0.000000
0.000000,0.000000,0.062433,0.000000
0.000000,0.000000,0.062164,0.000000
0.000000,0.000000,0.062031,0.000000
0.000000,0.000000,0.061894,0.000000
0.000000,0.000000,0.061744,0.000000
0.000000,0.000000,0.061581,0.000000
0.000000,0.000000,0.061406,0.000000
0.000000,0.000000,0.061219,0.000000
0.000000,0.000000,0.061020,0.000000
0.000000,0.000000,0.060810,0.000000
0.000000,0.000000,0.060589,0.000000
0.000000,0.000000,0.060356,0.000000
0.000000,0.000000,0.060124,0.000000
0.000000,0.000000,0.059883,0.000000
0.000000,0.000000,0.059664,0.000000
0.000000,0.000000,0.059542,0.000000
0.000000,0.000000,0.059409,0.000000
0.000000,0.000000,0.059264,0.000000
0.000000,0.000000,0.059108,0.000000
0.000000,0.000000,0.058941,0.000000
0.000000,0.000000,0.058764,0.000000
0.000000,0.000000,0.058577,0.000000
0.000000,0.000000,0.058379,0.000000
0.000000,0.000000,0.058172,0.000000
0.000000,0.000000,0.057955,0.000000
0.000000,0.000000,0.057729,0.000000
0.000000,0.000000,0.057494,0.000000
0.000000,0.000000,0.057311,0.000000
0.000000,0.000000,0.057183,0.000000
0.000000,0.000000,0.057046,0.000000
0.000000,0.000000,0.056898,0.000000
0.000000,0.000000,0.056741,0.000000
0.000000,0.000000,0.056575,0.000000
0.000000,0.000000,0.056400,0.000000
0.000000,0.000000,0.056216,0.000000
0.000000,0.000000,0.056024,0.000000
0.000000,0.000000,0.055823,0.000000
0.000000,0.000000,0.055615,0.000000
0.000000,0.000000,0.055398,0.000000
0.000000,0.000000,0.055175,0.000000
0.000000,0.000000,0.055005,0.000000
0.000000,0.000000,0.054877,0.000000
0.000000,0.000000,0.054740,0.000000
0.000000,0.000000,0.054595,0.000000
0.000000,0.000000,0.054442,0.000000
0.000000,0.000000,0.054281,0.000000
0.000000,0.000000,0.054113,0.000000
0.000000,0.000000,0.053937,0.000000
0.000000,0.000000,0.053754,0.000000
0.000000,0.000000,0.053564,0.000000
0.000000,0.000000,0.053367,0.000000
0.000000,0.000000,0.053163,0.000000
0.000000,0.000000,0.052953,0.000000
0.000000,0.000000,0.052780,0.000000
0.000000,0.000000,0.052656,0.000000
0.000000,0.000000,0.052524,0.000000
0.000000,0.000000,0.052385,0.000000
0.000000,0.000000,0.052240,0.000000
0.000000,0.000000,0.052088,0.000000
0.000000,0.000000,0.051929,0.000000
0.000000,0.000000,0.051764,0.000000
0.000000,0.000000,0.051593,0.000000
0.000000,0.000000,0.051416,0.000000
0.000000,0.000000,0.051234,0.000000
0.000000,0.000000,0.051045,0.000000
0.000000,0.000000,0.050852,0.000000
0.000000,0.000000,0.050660,0.000000
0.000000,0.000000,0.050543,0.000000
0.000000,0.000000,0.050419,0.000000
0.000000,0.000000,0.050290,0.000000
0.000000,0.000000,0.050155,0.000000
0.000000,0.000000,0.050014,0.000000
0.000000,0.000000,0.049868,0.000000
0.000000,0.000000,0.049717,0.000000
0.000000,0.000000,0.049560,0.000000
0.000000,0.000000,0.049398,0.000000
0.000000,0.000000,0.049231,0.000000
0.000000,0.000000,0.049060,0.000000
0.000000,0.000000,0.048883,0.000000
0.000000,0.000000,0.048703,0.000000
0.000000,0.000000,0.048555,0.000000
0.000000,0.000000,0.048442,0.000000
0.000000,0.000000,0.048325,0.000000
0.000000,0.000000,0.048202,0.000000
0.000000,0.000000,0.048074,0.000000
0.000000,0.000000,0.047942,0.000000
0.000000,0.000000,0.047805,0.000000
0.000000,0.000000,0.047664,0.000000
0.000000,0.000000,0.047518,0.000000
0.000000,0.000000,0.047368,0.000000
0.000000,0.000000,0.047213,0.000000
0.000000,0.000000,0.047055,0.000000
0.000000,0.000000,0.046893,0.000000
0.000000,0.000000,0.046728,0.000000
0.000000,0.000000,0.046602,0.000000
0.000000,0.000000,0.046497,0.000000
0.000000,0.000000,0.046387,0.000000
0.000000,0.000000,0.046273,0.000000
0.000000,0.000000,0.046156,0.000000
0.000000,0.000000,0.046034,0.000000
0.000000,0.000000,0.045908,0.000000
0.000000,0.000000,0.045778,0.000000
0.000000,0.000000,0.045645,0.000000
0.000000,0.000000,0.045508,0.000000
0.000000,0.000000,0.045368,0.000000
0.000000,0.000000,0.045224,0.000000
0.000000,0.000000,0.045077,0.000000
0.000000,0.000000,0.044927,0.000000
0.000000,0.000000,0.044807,0.000000
0.000000,0.000000,0.044712,0.000000
0.000000,0.000000,0.044612,0.000000
0.000000,0.000000,0.044509,0.000000
0.000000,0.000000,0.044402,0.000000
0.000000,0.000000,0.044291,0.000000
0.000000,0.000000,0.044178,0.000000
0.000000,0.000000,0.044061,0.000000
0.000000,0.000000,0.043940,0.000000
0.000000,0.000000,0.043817,0.000000
0.000000,0.000000,0.043691,0.000000
0.000000,0.000000,0.043561,0.000000
0.000000,0.000000,0.043429,0.000000
0.000000,0.000000,0.043294,0.000000
0.000000,0.000000,0.043156,0.000000
0.000000,0.000000,0.043015,0.000000
0.000000,0.000000,0.042872,0.000000
0.000000,0.000000,0.042726,0.000000
0.000000,0.000000,0.042578,0.000000
0.000000,0.000000,0.042427,0.000000
0.000000,0.000000,0.042274,0.000000
0.000000,0.000000,0.042119,0.000000
0.000000,0.000000,0.041962,0.000000
0.000000,0.000000,0.041803,0.000000
0.000000,0.000000,0.041641,0.000000
0.000000,0.000000,0.041478,0.000000
0.000000,0.000000,0.041312,0.000000
0.000000,0.000000,0.041145,0.000000
0.000000,0.000000,0.040976,0.000000
0.000000,0.000000,0.040806,0.000000
0.000000,0.000000,0.040633,0.000000
0.000000,0.000000,0.040459,0.000000
0.000000,0.000000,0.040284,0.000000
0.000000,0.000000,0.040107,0.000000
0.000000,0.000000,0.039928,0.000000
0.000000,0.000000,0.039749,0.000000
0.000000,0.000000,0.039568,0.000000
0.000000,0.000000,0.039385,0.000000
0.000000,0.000000,0.039202,0.000000
0.000000,0.000000,0.039017,0.000000
0.000000,0.000000,0.038831,0.000000
0.000000,0.000000,0.038644,0.000000
0.000000,0.000000,0.038456,0.000000
0.000000,0.000000,0.038267,0.000000
0.000000,0.000000,0.038077,0.000000
0.000000,0.000000,0.037886,0.000000
0.000000,0.000000,0.037695,0.000000
0.000000,0.000000,0.037502,0.000000
0.000000,0.000000,0.037309,0.000000
0.000000,0.000000,0.037116,0.000000
0.000000,0.000000,0.036921,0.000000
0.000000,0.000000,0.036726,0.000000
0.000000,0.000000,0.036530,0.000000
0.000000,0.000000,0.036334,0.000000
0.000000,0.000000,0.036138,0.000000
0.000000,0.000000,0.035941,0.000000
0.000000,0.000000,0.035743,0.000000
0.000000,0.000000,0.035546,0.000000
0.000000,0.000000,0.035348,0.000000
0.000000,0.000000,0.035149,0.000000
0.000000,0.000000,0.034951,0.000000
0.000000,0.000000,0.034752,0.000000
0.000000,0.000000,0.034553,0.000000
0.000000,0.000000,0.034354,0.000000
0.000000,0.000000,0.034154,0.000000
0.000000,0.000000,0.033955,0.000000
0.000000,0.000000,0.033756,0.000000
0.000000,0.000000,0.033557,0.000000
0.000000,0.000000,0.033357,0.000000
0.000000,0.000000,0.033158,0.000000
0.000000,0.000000,0.032959,0.000000
0.000000,0.000000,0.032760,0.000000
0.000000,0.000000,0.032561,0.000000
0.000000,0.000000,0.032363,0.000000
0.000000,0.000000,0.032165,0.000000
0.000000,0.000000,0.031966,0.000000
0.000000,0.000000,0.031769,0.000000
0.000000,0.000000,0.031571,0.000000
0.000000,0.000000,0.031374,0.000000
0.000000,0.000000,0.031177,0.000000
0.000000,0.000000,0.030981,0.000000
0.000000,0.000000,0.030785,0.000000
0.000000,0.000000,0.030590,0.000000
0.000000,0.000000,0.030395,0.000000
0.000000,0.000000,0.030200,0.000000
0.000000,0.000000,0.030006,0.000000
0.000000,0.000000,0.029813,0.000000
0.000000,0.000000,0.029620,0.000000
0.000000,0.000000,0.029428,0.000000
0.000000,0.000000,0.029237,0.000000
0.000000,0.000000,0.029046,0.000000
0.000000,0.000000,0.028855,0.000000
0.000000,0.000000,0.028666,0.000000
0.000000,0.000000,0.028477,0.000000
0.000000,0.000000,0.028289,0.000000
0.000000,0.000000,0.028102,0.000000
0.000000,0.000000,0.027915,0.000000
0.000000,0.000000,0.027729,0.000000
0.000000,0.000000,0.027544,0.000000
0.000000,0.000000,0.027360,0.000000
0.000000,0.000000,0.027177,0.000000
0.000000,0.000000,0.026994,0.000000
0.000000,0.000000,0.026813,0.000000
0.000000,0.000000,0.026632,0.000000
0.000000,0.000000,0.026452,0.000000
0.000000,0.000000,0.026273,0.000000
0.000000,0.000000,0.026095,0.000000
0.000000,0.000000,0.025918,0.000000
0.000000,0.000000,0.025742,0.000000
0.000000,0.000000,0.025567,0.000000
0.000000,0.000000,0.025393,0.000000
0.000000,0.000000,0.025220,0.000000
0.000000,0.000000,0.025048,0.000000
0.000000,0.000000,0.024877,0.000000
0.000000,0.000000,0.024707,0.000000
0.000000,0.000000,0.024538,0.000000
0.000000,0.000000,0.024370,0.000000
0.000000,0.000000,0.024203,0.000000
0.000000,0.000000,0.024037,0.000000
0.000000,0.000000,0.023872,0.000000
0.000000,0.000000,0.023708,0.000000
0.000000,0.000000,0.023546,0.000000
0.000000,0.000000,0.023384,0.000000
0.000000,0.000000,0.023223,0.000000
0.000000,0.000000,0.023064,0.000000
0.000000,0.000000,0.022906,0.000000
0.000000,0.000000,0.022748,0.000000
0.000000,0.000000,0.022592,0.000000
0.000000,0.000000,0.022437,0.000000
0.000000,0.000000,0.022283,0.000000
0.000000,0.000000,0.022130,0.000000
0.000000,0.000000,0.021979,0.000000
0.000000,0.000000,0.021828,0.000000
0.000000,0.000000,0.021678,0.000000
0.000000,0.000000,0.021530,0.000000
0.000000,0.000000,0.021382,0.000000
0.000000,0.000000,0.021236,0.000000
0.000000,0.000000,0.021091,0.000000
0.000000,0.000000,0.020947,0.000000
0.000000,0.000000,0.020804,0.000000
0.000000,0.000000,0.020662,0.000000
0.000000,0.000000,0.020521,0.000000
0.000000,0.000000,0.020381,0.000000
0.000000,0.000000,0.020243,0.000000
0.000000,0.000000,0.020105,0.000000
0.000000,0.000000,0.019968,0.000000
0.000000,0.000000,0.019833,0.000000
0.000000,0.000000,0.019699,0.000000
0.000000,0.000000,0.019565,0.000000
0.000000,0.000000,0.019433,0.000000
0.000000,0.000000,0.019301,0.000000
0.000000,0.000000,0.019171,0.000000
0.000000,0.000000,0.019042,0.000000
0.000000,0.000000,0.018913,0.000000
0.000000,0.000000,0.018786,0.000000
0.000000,0.000000,0.018660,0.000000
0.000000,0.000000,0.018535,0.000000
0.000000,0.000000,0.018410,0.000000
0.000000,0.000000,0.018287,0.000000
0.000000,0.000000,0.018164,0.000000
0.000000,0.000000,0.018043,0.000000
0.000000,0.000000,0.017922,0.000000
0.000000,0.000000,0.017803,0.000000
0.000000,0.000000,0.017684,0.000000
0.000000,0.000000,0.017566,0.000000
0.000000,0.000000,0.017449,0.000000
0.000000,0.000000,0.017333,0.000000
0.000000,0.000000,0.017218,0.000000
0.000000,0.000000,0.017104,0.000000
0.000000,0.000000,0.016990,0.000000
0.000000,0.000000,0.016878,0.000000
0.000000,0.000000,0.016766,0.000000
0.000000,0.000000,0.016655,0.000000
0.000000,0.000000,0.016545,0.000000
0.000000,0.000000,0.016435,0.000000
0.000000,0.000000,0.016327,0.000000
0.000000,0.000000,0.016219,0.000000
0.000000,0.000000,0.016112,0.000000
0.000000,0.000000,0.016005,0.000000
0.000000,0.000000,0.015900,0.000000
0.000000,0.000000,0.015795,0.000000
0.000000,0.000000,0.015691,0.000000
0.000000,0.000000,0.015587,0.000000
0.000000,0.000000,0.015484,0.000000
0.000000,0.000000,0.015382,0.000000
0.000000,0.000000,0.015281,0.000000
0.000000,0.000000,0.015180,0.000000
0.000000,0.000000,0.015080,0.000000
0.000000,0.000000,0.014980,0.000000
0.000000,0.000000,0.014881,0.000000
0.000000,0.000000,0.014783,0.000000
0.000000,0.000000,0.014685,0.000000
0.000000,0.000000,0.014588,0.000000
0.000000,0.000000,0.014491,0.000000
0.000000,0.000000,0.014395,0.000000
0.000000,0.000000,0.014300,0.000000
0.000000,0.000000,0.014205,0.000000
0.000000,0.000000,0.014111,0.000000
0.000000,0.000000,0.014017,0.000000
0.000000,0.000000,0.013923,0.000000
0.000000,0.000000,0.013830,0.000000
0.000000,0.000000,0.013738,0.000000
0.000000,0.000000,0.013646,0.000000
0.000000,0.000000,0.013554,0.000000
0.000000,0.000000,0.013463,0.000000
0.000000,0.000000,0.013373,0.000000
0.000000,0.000000,0.013283,0.000000
0.000000,0.000000,0.013193,0.000000
0.000000,0.000000,0.013104,0.000000
0.000000,0.000000,0.013015,0.000000
0.000000,0.000000,0.012926,0.000000
0.000000,0.000000,0.012838,0.000000
0.000000,0.000000,0.012750,0.000000
0.000000,0.000000,0.012663,0.000000
0.000000,0.000000,0.012576,0.000000
0.000000,0.000000,0.012489,0.000000
0.000000,0.000000,0.012403,0.000000
0.000000,0.000000,0.012317,0.000000
0.000000,0.000000,0.012232,0.000000
0.000000,0.000000,0.012146,0.000000
0.000000,0.000000,0.012061,0.000000
0.000000,0.000000,0.011977,0.000000
0.000000,0.000000,0.011892,0.000000
0.000000,0.000000,0.011808,0.000000
0.000000,0.000000,0.011725,0.000000
0.000000,0.000000,0.011641,0.000000
0.000000,0.000000,0.011558,0.000000
0.000000,0.000000,0.011475,0.000000
0.000000,0.000000,0.011393,0.000000
0.000000,0.000000,0.011311,0.000000
0.000000,0.000000,0.011229,0.000000
0.000000,0.000000,0.011147,0.000000
0.000000,0.000000,0.011065,0.000000
0.000000,0.000000,0.010984,0.000000
0.000000,0.000000,0.010903,0.000000
0.000000,0.000000,0.010822,0.000000
0.000000,0.000000,0.010742,0.000000
0.000000,0.000000,0.010662,0.000000
0.000000,0.000000,0.010582,0.000000
0.000000,0.000000,0.010502,0.000000
0.000000,0.000000,0.010422,0.000000
0.000000,0.000000,0.010343,0.000000
0.000000,0.000000,0.010264,0.000000
0.000000,0.000000,0.010185,0.000000
0.000000,0.000000,0.010106,0.000000
0.000000,0.000000,0.010028,0.000000
0.000000,0.000000,0.009950,0.000000
0.000000,0.000000,0.009872,0.000000
0.000000,0.000000,0.009794,0.000000
0.000000,0.000000,0.009717,0.000000
0.000000,0.000000,0.009640,0.000000
0.000000,0.000000,0.009562,0.000000
0.000000,0.000000,0.009486,0.000000
0.000000,0.000000,0.009409,0.000000
0.000000,0.000000,0.009333,0.000000
0.000000,0.000000,0.009256,0.000000
0.000000,0.000000,0.009181,0.000000
0.000000,0.000000,0.009105,0.000000
0.000000,0.000000,0.009029,0.000000
0.000000,0.000000,0.008954,0.000000
0.000000,0.000000,0.008879,0.000000
0.000000,0.000000,0.008804,0.000000
0.000000,0.000000,0.008729,0.000000
0.000000,0.000000,0.008655,0.000000
0.000000,0.000000,0.008581,0.000000
0.000000,0.000000,0.008507,0.000000
0.000000,0.000000,0.008433,0.000000
0.000000,0.000000,0.008360,0.000000
0.000000,0.000000,0.008287,0.000000
0.000000,0.000000,0.008214,0.000000
0.000000,0.000000,0.008141,0.000000
0.000000,0.000000,0.008068,0.000000
0.000000,0.000000,0.007996,0.000000
0.000000,0.000000,0.007924,0.000000
0.000000,0.000000,0.007852,0.000000
0.000000,0.000000,0.007781,0.000000
0.000000,0.000000,0.007709,0.000000
0.000000,0.000000,0.007638,0.000000
0.000000,0.000000,0.007567,0.000000
0.000000,0.000000,0.007497,0.000000
0.000000,0.000000,0.007427,0.000000
0.000000,0.000000,0.007357,0.000000
0.000000,0.000000,0.007287,0.000000
0.000000,0.000000,0.007218,0.000000
0.000000,0.000000,0.007148,0.000000
0.000000,0.000000,0.007079,0.000000
0.000000,0.000000,0.007011,0.000000
0.000000,0.000000,0.006943,0.000000
0.000000,0.000000,0.006874,0.000000
0.000000,0.000000,0.006807,0.000000
0.000000,0.000000,0.006739,0.000000
0.000000,0.000000,0.006672,0.000000
0.000000,0.000000,0.006605,0.000000
0.000000,0.000000,0.006539,0.000000
0.000000,0.000000,0.006472,0.000000
0.000000,0.000000,0.006406,0.000000
0.000000,0.000000,0.006341,0.000000
0.000000,0.000000,0.006275,0.000000
0.000000,0.000000,0.006210,0.000000
0.000000,0.000000,0.006146,0.000000
0.000000,0.000000,0.006081,0.000000
0.000000,0.000000,0.006017,0.000000
0.000000,0.000000,0.005954,0.000000
0.000000,0.000000,0.005890,0.000000
0.000000,0.000000,0.005827,0.000000
0.000000,0.000000,0.005764,0.000000
0.000000,0.000000,0.005702,0.000000
0.000000,0.000000,0.005640,0.000000
0.000000,0.000000,0.005578,0.000000
0.000000,0.000000,0.005517,0.000000
0.000000,0.000000,0.005456,0.000000
0.000000,0.000000,0.005395,0.000000
0.000000,0.000000,0.005335,0.000000
0.000000,0.000000,0.005275,0.000000
0.000000,0.000000,0.005216,0.000000
0.000000,0.000000,0.005157,0.000000
0.000000,0.000000,0.005098,0.000000
0.000000,0.000000,0.005039,0.000000
0.000000,0.000000,0.004981,0.000000
0.000000,0.000000,0.004924,0.000000
0.000000,0.000000,0.004866,0.000000
0.000000,0.000000,0.004809,0.000000
0.000000,0.000000,0.004753,0.000000
0.000000,0.000000,0.004697,0.000000
0.000000,0.000000,0.004641,0.000000
0.000000,0.000000,0.004586,0.000000
0.000000,0.000000,0.004531,0.000000
0.000000,0.000000,0.004476,0.000000
0.000000,0.000000,0.004422,0.000000
0.000000,0.000000,0.004368,0.000000
0.000000,0.000000,0.004315,0.000000
0.000000,0.000000,0.004262,0.000000
0.000000,0.000000,0.004209,0.000000
0.000000,0.000000,0.004157,0.000000
0.000000,0.000000,0.004105,0.000000
0.000000,0.000000,0.004054,0.000000
0.000000,0.000000,0.004003,0.000000
0.000000,0.000000,0.003952,0.000000
0.000000,0.000000,0.003902,0.000000
0.000000,0.000000,0.003852,0.000000
0.000000,0.000000,0.003803,0.000000
0.000000,0.000000,0.003754,0.000000
0.000000,0.000000,0.003706,0.000000
0.000000,0.000000,0.003657,0.000000
0.000000,0.000000,0.003610,0.000000
0.000000,0.000000,0.003562,0.000000
0.000000,0.000000,0.003516,0.000000
0.000000,0.000000,0.003469,0.000000
0.000000,0.000000,0.003423,0.000000
0.000000,0.000000,0.003378,0.000000
0.000000,0.000000,0.003332,0.000000
0.000000,0.000000,0.003288,0.000000
0.000000,0.000000,0.003243,0.000000
0.000000,0.000000,0.003199,0.000000
0.000000,0.000000,0.003156,0.000000
0.000000,0.000000,0.003113,0.000000
0.000000,0.000000,0.003070,0.000000
0.000000,0.000000,0.003028,0.000000
0.000000,0.000000,0.002986,0.000000
0.000000,0.000000,0.002944,0.000000
0.000000,0.000000,0.002903,0.000000
0.000000,0.000000,0.002862,0.000000
0.000000,0.000000,0.002822,0.000000
0.000000,0.000000,0.002782,0.000000
0.000000,0.000000,0.002743,0.000000
0.000000,0.000000,0.002704,0.000000
0.000000,0.000000,0.002665,0.000000
0.000000,0.000000,0.002627,0.000000
0.000000,0.000000,0.002589,0.000000
0.000000,0.000000,0.002552,0.000000
0.000000,0.000000,0.002515,0.000000
0.000000,0.000000,0.002478,0.000000
0.000000,0.000000,0.002442,0.000000
0.000000,0.000000,0.002406,0.000000
0.000000,0.000000,0.002371,0.000000
0.000000,0.000000,0.002336,0.000000
0.000000,0.000000,0.002301,0.000000
0.000000,0.000000,0.002267,0.000000
0.000000,0.000000,0.002233,0.000000
0.000000,0.000000,0.002200,0.000000
0.000000,0.000000,0.002167,0.000000
0.000000,0.000000,0.002134,0.000000
0.000000,0.000000,0.002102,0.000000
0.000000,0.000000,0.002070,0.000000
0.000000,0.000000,0.002038,0.000000
0.000000,0.000000,0.002007,0.000000
0.000000,0.000000,0.001976,0.000000
0.000000,0.000000,0.001946,0.000000
0.000000,0.000000,0.001916,0.000000
0.000000,0.000000,0.001886,0.000000
0.000000,0.000000,0.001857,0.000000
0.000000,0.000000,0.001828,0.000000
0.000000,0.000000,0.001800,0.000000
0.000000,0.000000,0.001771,0.000000
0.000000,0.000000,0.001743,0.000000
0.000000,0.000000,0.001716,0.000000
0.000000,0.000000,0.001689,0.000000
0.000000,0.000000,0.001662,0.000000
0.000000,0.000000,0.001636,0.000000
0.000000,0.000000,0.001609,0.000000
0.000000,0.000000,0.001584,0.000000
0.000000,0.000000,0.001558,0.000000
0.000000,0.000000,0.001533,0.000000
0.000000,0.000000,0.001508,0.000000
0.000000,0.000000,0.001484,0.000000
0.000000,0.000000,0.001460,0.000000
0.000000,0.000000,0.001436,0.000000
0.000000,0.000000,0.001412,0.000000
0.000000,0.000000,0.001389,0.000000
0.000000,0.000000,0.001366,0.000000
0.000000,0.000000,0.001344,0.000000
0.000000,0.000000,0.001322,0.000000
0.000000,0.000000,0.001300,0.000000
0.000000,0.000000,0.001278,0.000000
0.000000,0.000000,0.001257,0.000000
0.000000,0.000000,0.001236,0.000000
0.000000,0.000000,0.001215,0.000000
0.000000,0.000000,0.001195,0.000000
0.000000,0.000000,0.001175,0.000000
0.000000,0.000000,0.001155,0.000000
0.000000,0.000000,0.001135,0.000000
0.000000,0.000000,0.001116,0.000000
0.000000,0.000000,0.001097,0.000000
0.000000,0.000000,0.001079,0.000000
0.000000,0.000000,0.001060,0.000000
0.000000,0.000000,0.001042,0.000000
0.000000,0.000000,0.001024,0.000000
0.000000,0.000000,0.001006,0.000000
0.000000,0.000000,0.000989,0.000000
0.000000,0.000000,0.000972,0.000000
0.000000,0.000000,0.000955,0.000000
0.000000,0.000000,0.000939,0.000000
0.000000,0.000000,0.000922,0.000000
0.000000,0.000000,0.000906,0.000000
0.000000,0.000000,0.000890,0.000000
0.000000,0.000000,0.000875,0.000000
0.000000,0.000000,0.000859,0.000000
0.000000,0.000000,0.000844,0.000000
0.000000,0.000000,0.000829,0.000000
0.000000,0.000000,0.000815,0.000000
0.000000,0.000000,0.000800,0.000000
0.000000,0.000000,0.000786,0.000000
0.000000,0.000000,0.000772,0.000000
0.000000,0.000000,0.000758,0.000000
0.000000,0.000000,0.000745,0.000000
0.000000,0.000000,0.000732,0.000000
0.000000,0.000000,0.000718,0.000000
0.000000,0.000000,0.000706,0.000000
0.000000,0.000000,0.000693,0.000000
0.000000,0.000000,0.000680,0.000000
0.000000,0.000000,0.000668,0.000000
0.000000,0.000000,0.000656,0.000000
0.000000,0.000000,0.000644,0.000000
0.000000,0.000000,0.000632,0.000000
0.000000,0.000000,0.000621,0.000000
0.000000,0.000000,0.000610,0.000000
0.000000,0.000000,0.000598,0.000000
0.000000,0.000000,0.000587,0.000000
0.000000,0.000000,0.000577,0.000000
0.000000,0.000000,0.000566,0.000000
0.000000,0.000000,0.000556,0.000000
0.000000,0.000000,0.000545,0.000000
0.000000,0.000000,0.000535,0.000000
0.000000,0.000000,0.000526,0.000000
0.000000,0.000000,0.000516,0.000000
0.000000,0.000000,0.000506,0.000000
0.000000,0.000000,0.000497,0.000000
0.000000,0.000000,0.000488,0.000000
0.000000,0.000000,0.000478,0.000000
0.000000,0.000000,0.000470,0.000000
0.000000,0.000000,0.000461,0.000000
0.000000,0.000000,0.000452,0.000000
0.000000,0.000000,0.000444,0.000000
0.000000,0.000000,0.000435,0.000000
0.000000,0.000000,0.000427,0.000000
0.000000,0.000000,0.000419,0.000000
0.000000,0.000000,0.000411,0.000000
0.000000,0.000000,0.000403,0.000000
0.000000,0.000000,0.000396,0.000000
0.000000,0.000000,0.000388,0.000000
0.000000,0.000000,0.000381,0.000000
0.000000,0.000000,0.000374,0.000000
0.000000,0.000000,0.000366,0.000000
0.000000,0.000000,0.000359,0.000000
0.000000,0.000000,0.000353,0.000000
0.000000,0.000000,0.000346,0.000000
0.000000,0.000000,0.000339,0.000000
0.000000,0.000000,0.000333,0.000000
0.000000,0.000000,0.000326,0.000000
0.000000,0.000000,0.000320,0.000000
0.000000,0.000000,0.000314,0.000000
0.000000,0.000000,0.000308,0.000000
0.000000,0.000000,0.000302,0.000000
0.000000,0.000000,0.000296,0.000000
0.000000,0.000000,0.000290,0.000000
0.000000,0.000000,0.000285,0.000000
0.000000,0.000000,0.000279,0.000000
0.000000,0.000000,0.000274,0.000000
0.000000,0.000000,0.000268,0.000000
0.000000,0.000000,0.000263,0.000000
0.000000,0.000000,0.000258,0.000000
0.000000,0.000000,0.000253,0.000000
0.000000,0.000000,0.000248,0.000000
0.000000,0.000000,0.000243,0.000000
0.000000,0.000000,0.000238,0.000000
0.000000,0.000000,0.000234,0.000000
0.000000,0.000000,0.000229,0.000000
0.000000,0.000000,0.000225,0.000000
0.000000,0.000000,0.000220,0.000000
0.000000,0.000000,0.000216,0.000000
0.000000,0.000000,0.000212,0.000000
0.000000,0.000000,0.000207,0.000000
0.000000,0.000000,0.000203,0.000000
0.000000,0.000000,0.000199,0.000000
0.000000,0.000000,0.000195,0.000000
0.000000,0.000000,0.000191,0.000000
0.000000,0.000000,0.000188,0.000000
0.000000,0.000000,0.000184,0.000000
0.000000,0.000000,0.000180,0.000000
0.000000,0.000000,0.000177,0.000000
0.000000,0.000000,0.000173,0.000000
0.000000,0.000000,0.000170,0.000000
0.000000,0.000000,0.000166,0.000000
0.000000,0.000000,0.000163,0.000000
0.000000,0.000000,0.000159,0.000000
0.000000,0.000000,0.000156,0.000000
0.000000,0.000000,0.000153,0.000000
0.000000,0.000000,0.000150,0.000000
0.000000,0.000000,0.000147,0.000000
0.000000,0.000000,0.000144,0.000000
0.000000,0.000000,0.000141,0.000000
0.000000,0.000000,0.000138,0.000000
0.000000,0.000000,0.000135,0.000000
0.000000,0.000000,0.000133,0.000000
0.000000,0.000000,0.000130,0.000000
0.000000,0.000000,0.000127,0.000000
0.000000,0.000000,0.000125,0.000000
0.000000,0.000000,0.000122,0.000000
0.000000,0.000000,0.000120,0.000000
0.000000,0.000000,0.000117,0.000000
0.000000,0.000000,0.000115,0.000000
0.000000,0.000000,0.000112,0.000000
0.000000,0.000000,0.000110,0.000000
0.000000,0.000000,0.000108,0.000000
0.000000,0.000000,0.000106,0.000000
0.000000,0.000000,0.000104,0.000000
0.000000,0.000000,0.000101,0.000000
0.000000,0.000000,0.000099,0.000000
0.000000,0.000000,0.000097,0.000000
0.000000,0.000000,0.000095,0.000000
0.000000,0.000000,0.000093,0.000000
0.000000,0.000000,0.000091,0.000000
0.000000,0.000000,0.000089,0.000000
0.000000,0.000000,0.000088,0.000000
0.000000,0.000000,0.000086,0.000000
0.000000,0.000000,0.000084,0.000000
0.000000,0.000000,0.000082,0.000000
0.000000,0.000000,0.000080,0.000000
0.000000,0.000000,0.000079,0.000000
0.000000,0.000000,0.000077,0.000000
0.000000,0.000000,0.000076,0.000000
0.000000,0.000000,0.000074,0.000000
0.000000,0.000000,0.000072,0.000000
0.000000,0.000000,0.000071,0.000000
0.000000,0.000000,0.000069,0.000000
0.000000,0.000000,0.000068,0.000000
0.000000,0.000000,0.000066,0.000000
0.000000,0.000000,0.000065,0.000000
0.000000,0.000000,0.000064,0.000000
0.000000,0.000000,0.000062,0.000000
0.000000,0.000000,0.000061,0.000000
0.000000,0.000000,0.000060,0.000000
0.000000,0.000000,0.000058,0.000000
0.000000,0.000000,0.000057,0.000000
0.000000,0.000000,0.000056,0.000000
0.000000,0.000000,0.000055,0.000000
0.000000,0.000000,0.000054,0.000000
0.000000,0.000000,0.000052,0.000000
0.000000,0.000000,0.000051,0.000000
0.000000,0.000000,0.000050,0.000000
0.000000,0.000000,0.000049,0.000000
0.000000,0.000000,0.000048,0.000000
0.000000,0.000000,0.000047,0.000000
0.000000,0.000000,0.000046,0.000000
